Математика
Физика
Химия